5
5.23343
5.67448
6.38746
7.4867
9.13359
11.5394
14.9599
19.6628
25.8403
33.4321
41.8537
49.7406
55.0363
55.8635
52.0236
45.6683
39.8228
36.2569
35.1027
35.7495
37.484
39.6354
41.5707
42.7391
42.7886
41.6766
39.6707
37.2052
34.6858
32.3671
30.3457
28.617
27.1353
25.8504
24.7222
23.7243
22.8414
22.0671
21.4016
20.85
20.422
20.1311
19.9953
20.0364
20.2798
20.7537
21.4865
22.5031
23.818
25.4267
27.2936
29.3398
31.4355
33.4022
35.0326
36.131
36.5636
36.3005
35.4238
34.0967
32.5069
30.8163
29.1356
27.5245
26.0063
24.5838
23.2506
21.9984
20.8193
19.7067
18.6554
17.6612
16.7207
15.8307
14.9886
14.1919
13.4384
12.7259
12.0527
11.4172
10.8179
10.2538
9.72446
9.22971
8.77032
8.34805
7.96612
7.62985
7.34745
7.13137
7.00002
6.98033
7.11127
7.44854
8.07073
9.08646
10.6415
12.9222
16.1481
20.5389
26.2343
33.1419
40.7196
47.787
52.6269
53.6813
50.7003
45.2872
39.8749
36.0842
34.2379
33.9507
34.6919
35.975
37.3684
38.4925
39.0516
38.8838
37.9933
36.5296
34.717
32.7725
30.8518
29.0391
27.3631
25.822
24.4016
23.0856
21.8606
20.7163
19.6456
18.6438
17.7079
16.8368
16.0303
15.2904
14.6206
14.027
13.5189
13.11
12.8194
12.6742
12.7112
12.9796
13.5445
14.4885
15.9118
17.9273
20.6444
24.1368
28.3857
33.2001
38.1376
42.4843
45.3878
46.1843
44.7892
41.8247
38.2892
35.0235
32.4295
30.5439
29.2386
28.3594
27.7808
27.4131
27.1956
27.087
27.0585
27.089
27.1619
27.2635
27.3817
27.5054
27.6247
27.7305
27.8148
27.871
27.8943
27.8815
27.8313
27.7446
27.6239
27.4733
27.2982
27.1049
26.9007
26.6928
26.4888
26.2964
26.1226
25.9743
25.858
25.7792
25.7428
25.7527
25.8116
25.9206
26.0792
26.2846
26.532
26.8138
27.12
27.438
27.7535
28.0505
28.3131
28.526
28.676
28.753
28.7512
28.669
28.5095
28.2794
27.9888
27.65
27.2764
26.882
26.4804
26.085
25.7083
25.3622
25.0577
24.8055
24.6155
24.4971
24.459
24.5089
24.6528
24.895
25.2363
25.6735
26.1982
26.7955
27.4436
28.113
28.7685
29.3703
29.8781
30.2555
30.4741
30.5173
30.3823
30.0795
29.6302
29.0622
28.4063
27.6928
26.9491
26.1988
25.4619
24.7552
24.0932
23.4892
22.9556
22.5054
22.1518
21.9096
21.7945
21.8237
22.0153
22.387
22.9548
23.7295
24.7134
25.8944
27.2407
28.6951
30.1734
31.5667
32.753
33.6155
34.0666
34.0671
33.6354
32.8389
31.7739
30.5407
29.2255
27.8913
26.5786
25.3104
24.0985
22.9483
21.8622
20.8419
19.889
19.006
18.1967
17.4667
16.8236
16.2785
15.8462
15.5466
15.4065
15.4606
15.7537
16.3412
17.2892
18.6714
20.5606
23.012
26.0342
29.5492
33.3449
37.0467
40.1412
42.093
42.5436
41.4958
39.3373
36.6532
33.9615
31.5614
29.5441
27.8816
26.5064
25.354
24.3768
23.545
22.8427
22.2643
21.8117
21.4921
21.3172
21.3023
21.4651
21.8251
22.4011
23.2082
24.2532
25.5284
27.0042
28.622
30.2896
31.8826
33.2567
34.2697
34.8115
34.8319
34.3524
33.4573
32.2659
30.9005
29.4618
28.02
26.6164
25.2714
23.9929
22.7826
21.6394
20.5618
19.5488
18.5999
17.7157
16.898
16.15
15.477
14.8865
14.3899
14.0029
13.7472
13.6524
13.7582
14.1168
14.7948
15.8741
17.4492
19.6186
22.4638
26.0118
30.178
34.6967
39.0732
42.6171
44.6208
44.6691
42.9015
39.9837
36.752
33.8227
31.4552
29.6508
28.3044
27.3
26.5461
25.9807
25.5646
25.2745
25.0976
25.0269
25.0588
25.1907
25.4195
25.7404
26.1451
26.6212
27.1512
27.7122
28.2761
28.8112
29.2844
29.6637
29.9221
30.0405
30.0097
29.8314
29.5169
29.085
28.5593
27.9652
27.3275
26.6691
26.0104
25.3689
24.7604
24.1988
23.6972
23.2683
22.9249
22.6804
22.5487
22.5445
22.6823
22.9763
23.4384
24.0763
24.8903
25.8698
26.9889
28.2033
29.4485
30.6417
31.689
32.4975
32.9915
33.127
32.9003
32.3468
31.5299
30.5253
29.4056
28.2313
27.0468
25.8822
24.7564
23.6813
22.6646
21.7123
20.8297
20.023
19.2994
18.6685
18.1422
17.7364
17.4713
17.3728
17.473
17.8114
18.4342
19.3925
20.7376
22.5113
24.7301
27.3623
30.3003
33.337
36.163
38.4053
39.719
39.9089
39.0171
37.3105
35.164
32.9158
30.7827
28.8574
27.1508
25.6373
24.2837
23.0615
21.9506
20.9388
20.0201
19.193
18.4605
17.829
17.3092
16.9163
16.6712
16.6013
16.742
17.1371
17.8389
18.9063
20.3989
22.3665
24.8295
27.751
31.0025
34.3352
37.3781
39.6926
40.8936
40.8018
39.5374
37.4725
35.062
32.6704
30.4973
28.6018
26.9661
25.5458
24.2983
23.1917
22.2056
21.3295
20.5601
19.9
19.3565
18.9418
18.6727
18.5714
18.6658
18.9892
19.5796
20.4775
21.7203
23.3343
25.3208
27.6385
30.1837
32.7763
35.1634
37.0525
38.1803
38.3963
37.7219
36.3422
34.5307
32.5514
30.5924
28.7527
27.0647
25.5241
24.113
22.812
21.6056
20.4824
19.4346
18.4576
17.5488
16.7076
15.935
15.2343
14.611
14.0737
13.6352
13.3136
13.1342
13.1313
13.3511
13.8542
14.7175
16.0344
17.9103
20.449
23.724
27.729
32.3063
37.0722
41.389
44.463
45.6201
44.6674
42.0691
38.7178
35.4543
32.7462
30.696
29.2136
28.161
27.4182
26.8983
26.5435
26.3164
26.1929
26.1569
26.1968
26.3034
26.4676
26.6803
26.9309
27.2075
27.4965
27.7831
28.0516
28.2867
28.474
28.6015
28.6601
28.6448
28.5548
28.393
28.1663
27.8843
27.5585
27.2016
26.8268
26.4471
26.0751
25.7228
25.4015
25.1218
24.8939
24.7273
24.6308
24.6123
24.6789
24.8356
25.0854
25.4281
25.8593
26.3693
26.9427
27.5573
28.1844
28.7902
29.3379
29.7909
30.1169
30.2917
30.3022
30.1477
29.839
29.3965
28.8461
28.2163
27.5348
26.8272
26.1155
25.4187
24.7533
24.1334
23.5723
23.0826
22.6774
22.37
22.1749
22.1076
22.1843
22.4216
22.835
23.437
24.2342
25.2232
26.3855
27.6833
29.0552
30.416
31.6619
32.6826
33.3792
33.684
33.5756
33.0816
32.2691
31.2257
30.0394
28.7839
27.5136
26.2637
25.0554
23.9003
22.8048
21.7728
20.8077
19.913
19.0932
18.3543
17.7048
17.1558
16.7222
16.4239
16.2868
16.3444
16.6385
17.2203
18.1491
19.4889
21.2995
23.6205
26.4459
29.6885
33.1447
36.475
39.2336
40.9696
41.3881
40.4917
38.5942
36.1753
33.6752
31.3673
29.3553
27.6359
26.1636
24.8883
23.7709
22.7856
21.9181
21.1629
20.5211
19.9993
19.6089
19.3661
19.2918
19.4119
19.7566
20.3594
21.254
22.4692
24.0205
25.8977
28.0497
30.3701
32.6884
34.7784
36.3921
37.3169
37.4414
36.7947
35.5348
33.8869
32.0689
30.2408
28.4929
26.8611
25.3492
23.9472
22.6418
21.4209
20.2748
19.1966
18.1808
17.2236
16.3219
15.4734
14.6765
13.9302
13.2346
12.5904
12.0001
11.4678
11.0002
10.6073
10.304
10.1119
10.0614
10.1953
10.5724
11.2723
12.3998
14.0867
16.4871
19.7594
24.0214
29.2666
35.2393
41.3022
46.4054
49.3289
49.2681
46.4531
42.1577
37.9061
34.6384
32.56
31.475
31.0945
31.1636
31.4806
31.8861
32.253
32.4843
32.5142
32.3104
31.8728
31.2271
30.4155
29.4864
28.4861
27.454
26.4206
25.4085
24.4341
23.5098
22.6454
21.8499
21.1326
20.5035
19.9748
19.561
19.2799
19.1532
19.2069
19.4712
19.9803
20.7697
21.8725
23.3118
25.0904
27.1753
29.4825
31.8639
34.108
35.9636
37.1903
37.6273
37.2486
36.173
34.6162
32.8135
30.9539
29.1544
27.468
25.9069
24.4632
23.123
21.8729
20.702
19.6022
18.5676
17.5938
16.6776
15.8169
15.0102
14.2569
13.5575
12.9136
12.3285
11.8079
11.3603
10.9986
10.7413
10.6146
10.6556
10.915
11.462
12.3877
13.8081
15.8622
18.7
22.4503
27.1572
32.678
38.5581
43.9536
47.742
48.941
47.3167
43.6803
39.4429
35.7719
33.1542
31.5521
30.7279
30.4351
30.4744
30.6933
30.9732
31.2218
31.3694
31.369
31.1964
30.8487
30.3408
29.6995
28.9577
28.1491
27.3045
26.4502
25.608
24.7951
24.0261
23.3137
22.6695
22.1056
21.6345
21.2703
21.029
20.9287
20.9899
21.2347
21.686
22.3651
23.2884
24.4614
25.8722
27.4829
29.2214
30.9782
32.6107
33.9591
34.8762
35.2609
35.0857
34.4027
33.3244
31.9877
30.5197
29.0162
27.5378
26.116
24.764
23.4843
22.2753
21.1342
20.058
19.0447
18.0929
17.202
16.3727
15.6066
14.907
14.279
13.7305
13.2733
12.9238
12.705
12.6488
12.798
13.2098
13.9582
15.1353
16.8491
19.2139
22.3266
26.2226
30.8058
35.7641
40.5097
44.2265
46.1059
45.7392
43.4188
40.0285
36.548
33.6031
31.3842
29.8194
28.7551
28.0484
27.5921
27.3123
27.1591
27.098
27.1044
27.1596
27.2483
27.3578
27.4764
27.5937
27.7004
27.7881
27.8499
27.8805
27.8762
27.8355
27.7585
27.6472
27.5054
27.338
27.1512
26.9517
26.7469
26.5442
26.3509
26.1745
26.0216
25.8988
25.8118
25.7656
25.7642
25.8107
25.9065
26.0514
26.2434
26.478
26.7485
27.0454
27.3571
27.6697
27.968
28.2362
28.4588
28.6224
28.7164
28.7338
